mysql> mysql> select * from STATISTICS;
+---------------------+------+--------+--------+----------+----------+------------+------------+----------+------------+------------+------------+
| ROUTER              | PORT | BYTESR | BYTESS | DURATION | PACKETSR | PACKETSRXD | PACKETSRXE | PACKETSS | PACKETSTXD | PACKETSTXE | TIMESTAMP  |
+---------------------+------+--------+--------+----------+----------+------------+------------+----------+------------+------------+------------+
| of_0000000000000001 |    1 | 180799 | 192243 |     2661 |     2276 |          0 |          0 |     2549 |          0 |          0 | 1581629470 |
| of_0000000000000001 |    2 | 179307 | 184585 |     2661 |     2241 |          0 |          0 |     2364 |          0 |          0 | 1581629470 |
| of_0000000000000003 |    1 |  26766 | 185327 |     2661 |      569 |          0 |          0 |     2399 |          0 |          0 | 1581629470 |
| of_0000000000000003 |    2 |   6186 | 185229 |     2661 |       79 |          0 |          0 |     2398 |          0 |          0 | 1581629470 |
| of_0000000000000003 |    3 | 184585 | 179307 |     2661 |     2364 |          0 |          0 |     2241 |          0 |          0 | 1581629470 |
| of_0000000000000002 |    1 |   6228 | 205529 |     2661 |       80 |          0 |          0 |     2884 |          0 |          0 | 1581629470 |
| of_0000000000000002 |    2 |   7782 | 183319 |     2661 |      117 |          0 |          0 |     2356 |          0 |          0 | 1581629470 |
| of_0000000000000002 |    3 | 192243 | 180799 |     2661 |     2549 |          0 |          0 |     2276 |          0 |          0 | 1581629470 |
| of_0000000000000001 |    1 | 181321 | 192765 |     2671 |     2282 |          0 |          0 |     2555 |          0 |          0 | 1581629480 |
| of_0000000000000001 |    2 | 179829 | 185107 |     2671 |     2247 |          0 |          0 |     2370 |          0 |          0 | 1581629480 |
| of_0000000000000003 |    1 |  26766 | 185849 |     2671 |      569 |          0 |          0 |     2405 |          0 |          0 | 1581629480 |
| of_0000000000000003 |    2 |   6186 | 185751 |     2671 |       79 |          0 |          0 |     2404 |          0 |          0 | 1581629480 |
| of_0000000000000003 |    3 | 185107 | 179829 |     2671 |     2370 |          0 |          0 |     2247 |          0 |          0 | 1581629480 |
| of_0000000000000002 |    1 |   6228 | 206051 |     2671 |       80 |          0 |          0 |     2890 |          0 |          0 | 1581629480 |
| of_0000000000000002 |    2 |   7782 | 183841 |     2671 |      117 |          0 |          0 |     2362 |          0 |          0 | 1581629480 |
| of_0000000000000002 |    3 | 192765 | 181321 |     2671 |     2555 |          0 |          0 |     2282 |          0 |          0 | 1581629480 |
| of_0000000000000001 |    1 | 181843 | 193287 |     2681 |     2288 |          0 |          0 |     2561 |          0 |          0 | 1581629490 |
| of_0000000000000001 |    2 | 180351 | 185629 |     2681 |     2253 |          0 |          0 |     2376 |          0 |          0 | 1581629490 |
| of_0000000000000003 |    1 |  26766 | 186371 |     2681 |      569 |          0 |          0 |     2411 |          0 |          0 | 1581629490 |
| of_0000000000000003 |    2 |   6186 | 186273 |     2681 |       79 |          0 |          0 |     2410 |          0 |          0 | 1581629490 |
| of_0000000000000003 |    3 | 185629 | 180351 |     2681 |     2376 |          0 |          0 |     2253 |          0 |          0 | 1581629490 |
| of_0000000000000002 |    1 |   6228 | 206573 |     2681 |       80 |          0 |          0 |     2896 |          0 |          0 | 1581629490 |
| of_0000000000000002 |    2 |   7782 | 184363 |     2681 |      117 |          0 |          0 |     2368 |          0 |          0 | 1581629490 |
| of_0000000000000002 |    3 | 193287 | 181843 |     2681 |     2561 |          0 |          0 |     2288 |          0 |          0 | 1581629490 |
| of_0000000000000001 |    1 | 182365 | 193809 |     2691 |     2294 |          0 |          0 |     2567 |          0 |          0 | 1581629500 |
| of_0000000000000001 |    2 | 180873 | 186151 |     2691 |     2259 |          0 |          0 |     2382 |          0 |          0 | 1581629500 |
| of_0000000000000003 |    1 |  26766 | 186893 |     2691 |      569 |          0 |          0 |     2417 |          0 |          0 | 1581629500 |
| of_0000000000000003 |    2 |   6186 | 186795 |     2691 |       79 |          0 |          0 |     2416 |          0 |          0 | 1581629500 |
| of_0000000000000003 |    3 | 186151 | 180873 |     2691 |     2382 |          0 |          0 |     2259 |          0 |          0 | 1581629500 |
| of_0000000000000002 |    1 |   6228 | 207095 |     2691 |       80 |          0 |          0 |     2902 |          0 |          0 | 1581629500 |
| of_0000000000000002 |    2 |   7782 | 184885 |     2691 |      117 |          0 |          0 |     2374 |          0 |          0 | 1581629500 |
| of_0000000000000002 |    3 | 193809 | 182365 |     2691 |     2567 |          0 |          0 |     2294 |          0 |          0 | 1581629500 |
| of_0000000000000001 |    1 | 183061 | 194505 |     2701 |     2302 |          0 |          0 |     2575 |          0 |          0 | 1581629510 |
| of_0000000000000001 |    2 | 181569 | 186847 |     2701 |     2267 |          0 |          0 |     2390 |          0 |          0 | 1581629510 |
| of_0000000000000003 |    1 |  26766 | 187589 |     2701 |      569 |          0 |          0 |     2425 |          0 |          0 | 1581629510 |
| of_0000000000000003 |    2 |   6186 | 187491 |     2701 |       79 |          0 |          0 |     2424 |          0 |          0 | 1581629510 |
| of_0000000000000003 |    3 | 186847 | 181569 |     2701 |     2390 |          0 |          0 |     2267 |          0 |          0 | 1581629510 |
| of_0000000000000002 |    1 |   6228 | 207791 |     2701 |       80 |          0 |          0 |     2910 |          0 |          0 | 1581629510 |
| of_0000000000000002 |    2 |   7782 | 185581 |     2701 |      117 |          0 |          0 |     2382 |          0 |          0 | 1581629510 |
| of_0000000000000002 |    3 | 194505 | 183061 |     2701 |     2575 |          0 |          0 |     2302 |          0 |          0 | 1581629510 |
| of_0000000000000001 |    1 | 183583 | 195027 |     2711 |     2308 |          0 |          0 |     2581 |          0 |          0 | 1581629520 |
| of_0000000000000001 |    2 | 182091 | 187369 |     2711 |     2273 |          0 |          0 |     2396 |          0 |          0 | 1581629520 |
| of_0000000000000003 |    1 |  26766 | 188111 |     2711 |      569 |          0 |          0 |     2431 |          0 |          0 | 1581629520 |
| of_0000000000000003 |    2 |   6186 | 188013 |     2711 |       79 |          0 |          0 |     2430 |          0 |          0 | 1581629520 |
| of_0000000000000003 |    3 | 187369 | 182091 |     2711 |     2396 |          0 |          0 |     2273 |          0 |          0 | 1581629520 |
| of_0000000000000002 |    1 |   6228 | 208313 |     2711 |       80 |          0 |          0 |     2916 |          0 |          0 | 1581629520 |
| of_0000000000000002 |    2 |   7782 | 186103 |     2711 |      117 |          0 |          0 |     2388 |          0 |          0 | 1581629520 |
| of_0000000000000002 |    3 | 195027 | 183583 |     2711 |     2581 |          0 |          0 |     2308 |          0 |          0 | 1581629520 |
| of_0000000000000001 |    1 | 184105 | 195549 |     2721 |     2314 |          0 |          0 |     2587 |          0 |          0 | 1581629530 |
| of_0000000000000001 |    2 | 182613 | 187891 |     2721 |     2279 |          0 |          0 |     2402 |          0 |          0 | 1581629530 |
| of_0000000000000003 |    1 |  26766 | 188633 |     2721 |      569 |          0 |          0 |     2437 |          0 |          0 | 1581629530 |
| of_0000000000000003 |    2 |   6186 | 188535 |     2721 |       79 |          0 |          0 |     2436 |          0 |          0 | 1581629530 |
| of_0000000000000003 |    3 | 187891 | 182613 |     2721 |     2402 |          0 |          0 |     2279 |          0 |          0 | 1581629530 |
| of_0000000000000002 |    1 |   6228 | 208835 |     2721 |       80 |          0 |          0 |     2922 |          0 |          0 | 1581629530 |
| of_0000000000000002 |    2 |   7782 | 186625 |     2721 |      117 |          0 |          0 |     2394 |          0 |          0 | 1581629530 |
| of_0000000000000002 |    3 | 195549 | 184105 |     2721 |     2587 |          0 |          0 |     2314 |          0 |          0 | 1581629530 |
| of_0000000000000001 |    1 | 184627 | 196071 |     2731 |     2320 |          0 |          0 |     2593 |          0 |          0 | 1581629540 |
| of_0000000000000001 |    2 | 183135 | 188413 |     2731 |     2285 |          0 |          0 |     2408 |          0 |          0 | 1581629540 |
| of_0000000000000003 |    1 |  26766 | 189155 |     2731 |      569 |          0 |          0 |     2443 |          0 |          0 | 1581629540 |
| of_0000000000000003 |    2 |   6186 | 189057 |     2731 |       79 |          0 |          0 |     2442 |          0 |          0 | 1581629540 |
| of_0000000000000003 |    3 | 188413 | 183135 |     2731 |     2408 |          0 |          0 |     2285 |          0 |          0 | 1581629540 |
| of_0000000000000002 |    1 |   6228 | 209357 |     2731 |       80 |          0 |          0 |     2928 |          0 |          0 | 1581629540 |
| of_0000000000000002 |    2 |   7782 | 187147 |     2731 |      117 |          0 |          0 |     2400 |          0 |          0 | 1581629540 |
| of_0000000000000002 |    3 | 196071 | 184627 |     2731 |     2593 |          0 |          0 |     2320 |          0 |          0 | 1581629540 |
| of_0000000000000001 |    1 | 185323 | 196767 |     2741 |     2328 |          0 |          0 |     2601 |          0 |          0 | 1581629550 |
| of_0000000000000001 |    2 | 183831 | 189109 |     2741 |     2293 |          0 |          0 |     2416 |          0 |          0 | 1581629550 |
| of_0000000000000003 |    1 |  26766 | 189851 |     2741 |      569 |          0 |          0 |     2451 |          0 |          0 | 1581629550 |
| of_0000000000000003 |    2 |   6186 | 189753 |     2741 |       79 |          0 |          0 |     2450 |          0 |          0 | 1581629550 |
| of_0000000000000003 |    3 | 189109 | 183831 |     2741 |     2416 |          0 |          0 |     2293 |          0 |          0 | 1581629550 |
| of_0000000000000002 |    1 |   6228 | 210053 |     2741 |       80 |          0 |          0 |     2936 |          0 |          0 | 1581629550 |
| of_0000000000000002 |    2 |   7782 | 187843 |     2741 |      117 |          0 |          0 |     2408 |          0 |          0 | 1581629550 |
| of_0000000000000002 |    3 | 196767 | 185323 |     2741 |     2601 |          0 |          0 |     2328 |          0 |          0 | 1581629550 |
| of_0000000000000001 |    1 | 185845 | 197289 |     2751 |     2334 |          0 |          0 |     2607 |          0 |          0 | 1581629560 |
| of_0000000000000001 |    2 | 184353 | 189631 |     2751 |     2299 |          0 |          0 |     2422 |          0 |          0 | 1581629560 |
| of_0000000000000003 |    1 |  26766 | 190373 |     2751 |      569 |          0 |          0 |     2457 |          0 |          0 | 1581629560 |
| of_0000000000000003 |    2 |   6186 | 190275 |     2751 |       79 |          0 |          0 |     2456 |          0 |          0 | 1581629560 |
| of_0000000000000003 |    3 | 189631 | 184353 |     2751 |     2422 |          0 |          0 |     2299 |          0 |          0 | 1581629560 |
| of_0000000000000002 |    1 |   6228 | 210575 |     2751 |       80 |          0 |          0 |     2942 |          0 |          0 | 1581629560 |
| of_0000000000000002 |    2 |   7782 | 188365 |     2751 |      117 |          0 |          0 |     2414 |          0 |          0 | 1581629560 |
| of_0000000000000002 |    3 | 197289 | 185845 |     2751 |     2607 |          0 |          0 |     2334 |          0 |          0 | 1581629560 |
| of_0000000000000001 |    1 | 186367 | 197811 |     2761 |     2340 |          0 |          0 |     2613 |          0 |          0 | 1581629570 |
| of_0000000000000001 |    2 | 184875 | 190153 |     2761 |     2305 |          0 |          0 |     2428 |          0 |          0 | 1581629570 |
| of_0000000000000003 |    1 |  26766 | 190895 |     2761 |      569 |          0 |          0 |     2463 |          0 |          0 | 1581629570 |
| of_0000000000000003 |    2 |   6186 | 190797 |     2761 |       79 |          0 |          0 |     2462 |          0 |          0 | 1581629570 |
| of_0000000000000003 |    3 | 190153 | 184875 |     2761 |     2428 |          0 |          0 |     2305 |          0 |          0 | 1581629570 |
| of_0000000000000002 |    1 |   6228 | 211097 |     2761 |       80 |          0 |          0 |     2948 |          0 |          0 | 1581629570 |
| of_0000000000000002 |    2 |   7782 | 188887 |     2761 |      117 |          0 |          0 |     2420 |          0 |          0 | 1581629570 |
| of_0000000000000002 |    3 | 197811 | 186367 |     2761 |     2613 |          0 |          0 |     2340 |          0 |          0 | 1581629570 |
| of_0000000000000001 |    1 | 186889 | 198333 |     2771 |     2346 |          0 |          0 |     2619 |          0 |          0 | 1581629580 |
| of_0000000000000001 |    2 | 185397 | 190675 |     2771 |     2311 |          0 |          0 |     2434 |          0 |          0 | 1581629580 |
| of_0000000000000003 |    1 |  26766 | 191417 |     2771 |      569 |          0 |          0 |     2469 |          0 |          0 | 1581629580 |
| of_0000000000000003 |    2 |   6186 | 191319 |     2771 |       79 |          0 |          0 |     2468 |          0 |          0 | 1581629580 |
| of_0000000000000003 |    3 | 190675 | 185397 |     2771 |     2434 |          0 |          0 |     2311 |          0 |          0 | 1581629580 |
| of_0000000000000002 |    1 |   6228 | 211619 |     2771 |       80 |          0 |          0 |     2954 |          0 |          0 | 1581629580 |
| of_0000000000000002 |    2 |   7782 | 189409 |     2771 |      117 |          0 |          0 |     2426 |          0 |          0 | 1581629580 |
| of_0000000000000002 |    3 | 198333 | 186889 |     2771 |     2619 |          0 |          0 |     2346 |          0 |          0 | 1581629580 |
| of_0000000000000001 |    1 | 187411 | 198855 |     2781 |     2352 |          0 |          0 |     2625 |          0 |          0 | 1581629590 |
| of_0000000000000001 |    2 | 185919 | 191197 |     2781 |     2317 |          0 |          0 |     2440 |          0 |          0 | 1581629590 |
| of_0000000000000003 |    1 |  26766 | 191939 |     2781 |      569 |          0 |          0 |     2475 |          0 |          0 | 1581629590 |
| of_0000000000000003 |    2 |   6186 | 191841 |     2781 |       79 |          0 |          0 |     2474 |          0 |          0 | 1581629590 |
| of_0000000000000003 |    3 | 191197 | 185919 |     2781 |     2440 |          0 |          0 |     2317 |          0 |          0 | 1581629590 |
| of_0000000000000002 |    1 |   6228 | 212141 |     2781 |       80 |          0 |          0 |     2960 |          0 |          0 | 1581629590 |
| of_0000000000000002 |    2 |   7782 | 189931 |     2781 |      117 |          0 |          0 |     2432 |          0 |          0 | 1581629590 |
| of_0000000000000002 |    3 | 198855 | 187411 |     2781 |     2625 |          0 |          0 |     2352 |          0 |          0 | 1581629590 |
| of_0000000000000001 |    1 | 188107 | 199551 |     2791 |     2360 |          0 |          0 |     2633 |          0 |          0 | 1581629600 |
| of_0000000000000001 |    2 | 186615 | 191893 |     2791 |     2325 |          0 |          0 |     2448 |          0 |          0 | 1581629600 |
| of_0000000000000003 |    1 |  26766 | 192635 |     2791 |      569 |          0 |          0 |     2483 |          0 |          0 | 1581629600 |
| of_0000000000000003 |    2 |   6186 | 192537 |     2791 |       79 |          0 |          0 |     2482 |          0 |          0 | 1581629600 |
| of_0000000000000003 |    3 | 191893 | 186615 |     2791 |     2448 |          0 |          0 |     2325 |          0 |          0 | 1581629600 |
| of_0000000000000002 |    1 |   6228 | 212837 |     2791 |       80 |          0 |          0 |     2968 |          0 |          0 | 1581629600 |
| of_0000000000000002 |    2 |   7782 | 190627 |     2791 |      117 |          0 |          0 |     2440 |          0 |          0 | 1581629600 |
| of_0000000000000002 |    3 | 199551 | 188107 |     2791 |     2633 |          0 |          0 |     2360 |          0 |          0 | 1581629600 |
| of_0000000000000001 |    1 | 188629 | 200073 |     2801 |     2366 |          0 |          0 |     2639 |          0 |          0 | 1581629610 |
| of_0000000000000001 |    2 | 187137 | 192415 |     2801 |     2331 |          0 |          0 |     2454 |          0 |          0 | 1581629610 |
| of_0000000000000003 |    1 |  26766 | 193157 |     2801 |      569 |          0 |          0 |     2489 |          0 |          0 | 1581629610 |
| of_0000000000000003 |    2 |   6186 | 193059 |     2801 |       79 |          0 |          0 |     2488 |          0 |          0 | 1581629610 |
| of_0000000000000003 |    3 | 192415 | 187137 |     2801 |     2454 |          0 |          0 |     2331 |          0 |          0 | 1581629610 |
| of_0000000000000002 |    1 |   6228 | 213359 |     2801 |       80 |          0 |          0 |     2974 |          0 |          0 | 1581629610 |
| of_0000000000000002 |    2 |   7782 | 191149 |     2801 |      117 |          0 |          0 |     2446 |          0 |          0 | 1581629610 |
| of_0000000000000002 |    3 | 200073 | 188629 |     2801 |     2639 |          0 |          0 |     2366 |          0 |          0 | 1581629610 |
| of_0000000000000001 |    1 | 189151 | 200595 |     2811 |     2372 |          0 |          0 |     2645 |          0 |          0 | 1581629620 |
| of_0000000000000001 |    2 | 187659 | 192937 |     2811 |     2337 |          0 |          0 |     2460 |          0 |          0 | 1581629620 |
| of_0000000000000003 |    1 |  26766 | 193679 |     2811 |      569 |          0 |          0 |     2495 |          0 |          0 | 1581629620 |
| of_0000000000000003 |    2 |   6186 | 193581 |     2811 |       79 |          0 |          0 |     2494 |          0 |          0 | 1581629620 |
| of_0000000000000003 |    3 | 192937 | 187659 |     2811 |     2460 |          0 |          0 |     2337 |          0 |          0 | 1581629620 |
| of_0000000000000002 |    1 |   6228 | 213881 |     2811 |       80 |          0 |          0 |     2980 |          0 |          0 | 1581629620 |
| of_0000000000000002 |    2 |   7782 | 191671 |     2811 |      117 |          0 |          0 |     2452 |          0 |          0 | 1581629620 |
| of_0000000000000002 |    3 | 200595 | 189151 |     2811 |     2645 |          0 |          0 |     2372 |          0 |          0 | 1581629620 |
| of_0000000000000001 |    1 | 189673 | 201117 |     2821 |     2378 |          0 |          0 |     2651 |          0 |          0 | 1581629630 |
| of_0000000000000001 |    2 | 188181 | 193459 |     2821 |     2343 |          0 |          0 |     2466 |          0 |          0 | 1581629630 |
| of_0000000000000003 |    1 |  26766 | 194201 |     2821 |      569 |          0 |          0 |     2501 |          0 |          0 | 1581629630 |
| of_0000000000000003 |    2 |   6186 | 194103 |     2821 |       79 |          0 |          0 |     2500 |          0 |          0 | 1581629630 |
| of_0000000000000003 |    3 | 193459 | 188181 |     2821 |     2466 |          0 |          0 |     2343 |          0 |          0 | 1581629630 |
| of_0000000000000002 |    1 |   6228 | 214403 |     2821 |       80 |          0 |          0 |     2986 |          0 |          0 | 1581629630 |
| of_0000000000000002 |    2 |   7782 | 192193 |     2821 |      117 |          0 |          0 |     2458 |          0 |          0 | 1581629630 |
| of_0000000000000002 |    3 | 201117 | 189673 |     2821 |     2651 |          0 |          0 |     2378 |          0 |          0 | 1581629630 |
| of_0000000000000001 |    1 | 190369 | 201813 |     2831 |     2386 |          0 |          0 |     2659 |          0 |          0 | 1581629640 |
| of_0000000000000001 |    2 | 188877 | 194155 |     2831 |     2351 |          0 |          0 |     2474 |          0 |          0 | 1581629640 |
| of_0000000000000003 |    1 |  26766 | 194897 |     2831 |      569 |          0 |          0 |     2509 |          0 |          0 | 1581629640 |
| of_0000000000000003 |    2 |   6186 | 194799 |     2831 |       79 |          0 |          0 |     2508 |          0 |          0 | 1581629640 |
| of_0000000000000003 |    3 | 194155 | 188877 |     2831 |     2474 |          0 |          0 |     2351 |          0 |          0 | 1581629640 |
| of_0000000000000002 |    1 |   6228 | 215099 |     2831 |       80 |          0 |          0 |     2994 |          0 |          0 | 1581629640 |
| of_0000000000000002 |    2 |   7782 | 192889 |     2831 |      117 |          0 |          0 |     2466 |          0 |          0 | 1581629640 |
| of_0000000000000002 |    3 | 201813 | 190369 |     2831 |     2659 |          0 |          0 |     2386 |          0 |          0 | 1581629640 |
| of_0000000000000001 |    1 | 190891 | 202335 |     2841 |     2392 |          0 |          0 |     2665 |          0 |          0 | 1581629650 |
| of_0000000000000001 |    2 | 189399 | 194677 |     2841 |     2357 |          0 |          0 |     2480 |          0 |          0 | 1581629650 |
| of_0000000000000003 |    1 |  26766 | 195419 |     2841 |      569 |          0 |          0 |     2515 |          0 |          0 | 1581629650 |
| of_0000000000000003 |    2 |   6186 | 195321 |     2841 |       79 |          0 |          0 |     2514 |          0 |          0 | 1581629650 |
| of_0000000000000003 |    3 | 194677 | 189399 |     2841 |     2480 |          0 |          0 |     2357 |          0 |          0 | 1581629650 |
| of_0000000000000002 |    1 |   6228 | 215621 |     2841 |       80 |          0 |          0 |     3000 |          0 |          0 | 1581629650 |
| of_0000000000000002 |    2 |   7782 | 193411 |     2841 |      117 |          0 |          0 |     2472 |          0 |          0 | 1581629650 |
| of_0000000000000002 |    3 | 202335 | 190891 |     2841 |     2665 |          0 |          0 |     2392 |          0 |          0 | 1581629650 |
| of_0000000000000001 |    1 | 191413 | 202857 |     2851 |     2398 |          0 |          0 |     2671 |          0 |          0 | 1581629660 |
| of_0000000000000001 |    2 | 189921 | 195199 |     2851 |     2363 |          0 |          0 |     2486 |          0 |          0 | 1581629660 |
| of_0000000000000003 |    1 |  26766 | 195941 |     2851 |      569 |          0 |          0 |     2521 |          0 |          0 | 1581629660 |
| of_0000000000000003 |    2 |   6186 | 195843 |     2851 |       79 |          0 |          0 |     2520 |          0 |          0 | 1581629660 |
| of_0000000000000003 |    3 | 195199 | 189921 |     2851 |     2486 |          0 |          0 |     2363 |          0 |          0 | 1581629660 |
| of_0000000000000002 |    1 |   6228 | 216143 |     2851 |       80 |          0 |          0 |     3006 |          0 |          0 | 1581629660 |
| of_0000000000000002 |    2 |   7782 | 193933 |     2851 |      117 |          0 |          0 |     2478 |          0 |          0 | 1581629660 |
| of_0000000000000002 |    3 | 202857 | 191413 |     2851 |     2671 |          0 |          0 |     2398 |          0 |          0 | 1581629660 |
+---------------------+------+--------+--------+----------+----------+------------+------------+----------+------------+------------+------------+
160 rows in set (0,00 sec)

